0.000000 0.013314
0.000000 0.013314
0.000000 0.013314
0.000000 0.013314
0.000000 0.013314
0.000000 0.013314
0.000000 0.013314
0.000000 0.013314
0.000000 0.013314
0.000000 0.013314
0.000000 0.013314
0.000000 0.013314
0.000000 0.013314
0.000000 0.013314
0.000000 0.013314
0.000000 0.013314
0.000000 0.013314
0.000000 0.013314
0.000000 0.013314
0.000000 0.013314
0.000000 0.013314
0.000000 0.013314
0.000000 0.013314
0.000000 0.013314
0.000000 0.013314
0.000000 0.013314
0.000000 0.013314
0.000000 0.013314
0.000000 0.013314
0.000000 0.013314
0.000000 0.013314
0.000000 0.013314
0.000000 0.013314
0.000000 0.013314
0.000000 0.013314
0.000000 0.013314
0.000000 0.013315
0.000000 0.013315
0.000000 0.013315
0.000000 0.013315
0.000000 0.013316
0.000000 0.013316
0.000000 0.013316
0.000000 0.013317
0.000000 0.013318
0.000000 0.013318
0.000000 0.013319
0.000000 0.013320
0.000000 0.013321
0.000000 0.013322
0.000000 0.013323
0.000000 0.013325
0.000000 0.013327
0.000000 0.013328
0.000000 0.013330
0.000000 0.013333
0.000000 0.013335
0.000000 0.013338
0.000000 0.013341
0.000000 0.013344
0.000000 0.013345
0.000000 0.013345
0.000000 0.013345
0.000000 0.013345
0.000000 0.013345
0.000000 0.013345
0.000000 0.013345
0.000000 0.013345
0.000000 0.013344
0.000000 0.013343
0.000000 0.013342
0.000000 0.013341
0.000000 0.013339
0.000000 0.013337
0.000000 0.013334
0.000000 0.013331
0.000000 0.013327
0.000000 0.013322
0.000000 0.013317
0.000000 0.013312
0.000000 0.013309
0.000000 0.013306
0.000000 0.013302
0.000000 0.013298
0.000000 0.013293
0.000000 0.013288
0.000000 0.013282
0.000000 0.013275
0.000000 0.013267
0.000000 0.013259
0.000000 0.013249
0.000000 0.013239
0.000000 0.013228
0.000000 0.013216
0.000000 0.013203
0.000000 0.013188
0.000000 0.013173
0.000000 0.013156
0.000000 0.013138
0.000000 0.013119
0.000000 0.013121
0.000000 0.013123
0.000000 0.013125
0.000000 0.013127
0.000000 0.013129
0.000000 0.013131
0.000000 0.013133
0.000000 0.013136
0.000000 0.013139
0.000000 0.013142
0.000000 0.013147
0.000000 0.013152
0.000000 0.013157
0.000000 0.013164
0.000000 0.013171
0.000000 0.013180
0.000000 0.013189
0.000000 0.013200
0.000000 0.013212
0.000000 0.013225
0.000000 0.013229
0.000000 0.013235
0.000000 0.013241
0.000000 0.013248
0.000000 0.013257
0.000000 0.013267
0.000000 0.013278
0.000000 0.013290
0.000000 0.013304
0.000000 0.013319
0.000000 0.013335
0.000000 0.013353
0.000000 0.013373
0.000000 0.013394
0.000000 0.013418
0.000000 0.013443
0.000000 0.013471
0.000000 0.013501
0.000000 0.013533
0.000000 0.013568
0.000000 0.013536
0.000000 0.013505
0.000000 0.013474
0.000000 0.013441
0.000000 0.013407
0.000000 0.013372
0.000000 0.013334
0.000000 0.013294
0.000000 0.013251
0.000000 0.013206
0.000000 0.013158
0.000000 0.013106
0.000000 0.013051
0.000000 0.012993
0.000000 0.012931
0.000000 0.012866
0.000000 0.012796
0.000000 0.012723
0.000000 0.012645
0.000000 0.012563
0.000000 0.012559
0.000000 0.012553
0.000000 0.012545
0.000000 0.012536
0.000000 0.012526
0.000000 0.012516
0.000000 0.012505
0.000000 0.012495
0.000000 0.012485
0.000000 0.012475
0.000000 0.012466
0.000000 0.012458
0.000000 0.012450
0.000000 0.012442
0.000000 0.012436
0.000000 0.012430
0.000000 0.012425
0.000000 0.012422
0.000000 0.012419
0.000000 0.012417
0.000000 0.012429
0.000000 0.012442
0.000000 0.012457
0.000000 0.012475
0.000000 0.012494
0.000000 0.012515
0.000000 0.012539
0.000000 0.012566
0.000000 0.012596
0.000000 0.012628
0.000000 0.012664
0.000000 0.012703
0.000000 0.012745
0.000000 0.012791
0.000000 0.012840
0.000000 0.012894
0.000000 0.012952
0.000000 0.013014
0.000000 0.013080
0.000000 0.013151
0.000000 0.013078
0.000000 0.013007
0.000000 0.012936
0.000000 0.012864
0.000000 0.012791
0.000000 0.012715
0.000000 0.012636
0.000000 0.012554
0.000000 0.012469
0.000000 0.012379
0.000000 0.012285
0.000000 0.012186
0.000000 0.012083
0.000000 0.011975
0.000000 0.011861
0.000000 0.011742
0.000000 0.011618
0.000000 0.011488
0.000000 0.011352
0.000000 0.011210
0.000000 0.011212
0.000000 0.011210
0.000000 0.011205
0.000000 0.011198
0.000000 0.011190
0.000000 0.011182
0.000000 0.011173
0.000000 0.011165
0.000000 0.011157
0.000000 0.011151
0.000000 0.011145
0.000000 0.011140
0.000000 0.011136
0.000000 0.011134
0.000000 0.011133
0.000000 0.011134
0.000000 0.011136
0.000000 0.011139
0.000000 0.011144
0.000000 0.011150
0.000000 0.011178
0.000000 0.011208
0.000000 0.011241
0.000000 0.011276
0.000000 0.011314
0.000000 0.011355
0.000000 0.011399
0.000000 0.011447
0.000000 0.011499
0.000000 0.011554
0.000000 0.011613
0.000000 0.011677
0.000000 0.011745
0.000000 0.011817
0.000000 0.011895
0.000000 0.011977
0.000000 0.012063
0.000000 0.012156
0.000000 0.012253
0.000000 0.012356
0.000000 0.012259
0.000000 0.012166
0.000000 0.012075
0.000000 0.011983
0.000000 0.011890
0.000000 0.011794
0.000000 0.011696
0.000000 0.011594
0.000000 0.011488
0.000000 0.011377
0.000000 0.011262
0.000000 0.011142
0.000000 0.011017
0.000000 0.010887
0.000000 0.010750
0.000000 0.010608
0.000000 0.010461
0.000000 0.010307
0.000000 0.010146
0.000000 0.009980
0.000000 0.009995
0.000000 0.010004
0.000000 0.010010
0.000000 0.010014
0.000000 0.010016
0.000000 0.010017
0.000000 0.010018
0.000000 0.010020
0.000000 0.010023
0.000000 0.010026
0.000000 0.010030
0.000000 0.010036
0.000000 0.010043
0.000000 0.010051
0.000000 0.010061
0.000000 0.010073
0.000000 0.010086
0.000000 0.010100
0.000000 0.010117
0.000000 0.010135
0.000000 0.010178
0.000000 0.010223
0.000000 0.010270
0.000000 0.010320
0.000000 0.010374
0.000000 0.010430
0.000000 0.010490
0.000000 0.010554
0.000000 0.010621
0.000000 0.010692
0.000000 0.010768
0.000000 0.010848
0.000000 0.010932
0.000000 0.011022
0.000000 0.011115
0.000000 0.011214
0.000000 0.011318
0.000000 0.011428
0.000000 0.011542
0.000000 0.011663
0.000000 0.011563
0.000000 0.011467
0.000000 0.011373
0.000000 0.011279
0.000000 0.011184
0.000000 0.011087
0.000000 0.010987
0.000000 0.010883
0.000000 0.010776
0.000000 0.010663
0.000000 0.010547
0.000000 0.010425
0.000000 0.010298
0.000000 0.010165
0.000000 0.010027
0.000000 0.009883
0.000000 0.009733
0.000000 0.009577
0.000000 0.009415
0.000000 0.009246
0.000000 0.009271
0.000000 0.009290
0.000000 0.009304
0.000000 0.009316
0.000000 0.009326
0.000000 0.009336
0.000000 0.009346
0.000000 0.009355
0.000000 0.009366
0.000000 0.009377
0.000000 0.009390
0.000000 0.009403
0.000000 0.009418
0.000000 0.009434
0.000000 0.009452
0.000000 0.009471
0.000000 0.009492
0.000000 0.009515
0.000000 0.009539
0.000000 0.009565
0.000000 0.009616
0.000000 0.009669
0.000000 0.009725
0.000000 0.009784
0.000000 0.009845
0.000000 0.009910
0.000000 0.009978
0.000000 0.010049
0.000000 0.010125
0.000000 0.010204
0.000000 0.010288
0.000000 0.010376
0.000000 0.010468
0.000000 0.010565
0.000000 0.010667
0.000000 0.010773
0.000000 0.010885
0.000000 0.011002
0.000000 0.011124
0.000000 0.011251
0.000000 0.011217
0.000000 0.011187
0.000000 0.011160
0.000000 0.011134
0.000000 0.011109
0.000000 0.011084
0.000000 0.011059
0.000000 0.011032
0.000000 0.011005
0.000000 0.010976
0.000000 0.010945
0.000000 0.010913
0.000000 0.010879
0.000000 0.010843
0.000000 0.010805
0.000000 0.010766
0.000000 0.010724
0.000000 0.010680
0.000000 0.010634
0.000000 0.010585
0.000000 0.010547
0.000000 0.010505
0.000000 0.010461
0.000000 0.010414
0.000000 0.010364
0.000000 0.010312
0.000000 0.010257
0.000000 0.010199
0.000000 0.010138
0.000000 0.010075
0.000000 0.010008
0.000000 0.009938
0.000000 0.009864
0.000000 0.009787
0.000000 0.009707
0.000000 0.009623
0.000000 0.009535
0.000000 0.009442
0.000000 0.009346
0.000000 0.009245
0.000000 0.009269
0.000000 0.009288
0.000000 0.009306
0.000000 0.009322
0.000000 0.009337
0.000000 0.009353
0.000000 0.009368
0.000000 0.009384
0.000000 0.009400
0.000000 0.009417
0.000000 0.009435
0.000000 0.009455
0.000000 0.009475
0.000000 0.009496
0.000000 0.009519
0.000000 0.009543
0.000000 0.009568
0.000000 0.009595
0.000000 0.009623
0.000000 0.009653
0.000000 0.009708
0.000000 0.009765
0.000000 0.009825
0.000000 0.009886
0.000000 0.009951
0.000000 0.010019
0.000000 0.010090
0.000000 0.010164
0.000000 0.010242
0.000000 0.010324
0.000000 0.010410
0.000000 0.010501
0.000000 0.010595
0.000000 0.010694
0.000000 0.010798
0.000000 0.010907
0.000000 0.011020
0.000000 0.011139
0.000000 0.011263
0.000000 0.011393
0.000000 0.011360
0.000000 0.011332
0.000000 0.011306
0.000000 0.011282
0.000000 0.011259
0.000000 0.011235
0.000000 0.011211
0.000000 0.011186
0.000000 0.011160
0.000000 0.011132
0.000000 0.011103
0.000000 0.011072
0.000000 0.011039
0.000000 0.011005
0.000000 0.010968
0.000000 0.010929
0.000000 0.010889
0.000000 0.010846
0.000000 0.010801
0.000000 0.010754
0.000000 0.010716
0.000000 0.010675
0.000000 0.010631
0.000000 0.010585
0.000000 0.010537
0.000000 0.010485
0.000000 0.010431
0.000000 0.010374
0.000000 0.010314
0.000000 0.010250
0.000000 0.010184
0.000000 0.010115
0.000000 0.010042
0.000000 0.009965
0.000000 0.009885
0.000000 0.009801
0.000000 0.009714
0.000000 0.009622
0.000000 0.009526
0.000000 0.009425
0.000000 0.009449
0.000000 0.009469
0.000000 0.009487
0.000000 0.009504
0.000000 0.009520
0.000000 0.009536
0.000000 0.009552
0.000000 0.009568
0.000000 0.009585
0.000000 0.009602
0.000000 0.009621
0.000000 0.009640
0.000000 0.009661
0.000000 0.009683
0.000000 0.009706
0.000000 0.009730
0.000000 0.009756
0.000000 0.009783
0.000000 0.009812
0.000000 0.009842
0.000000 0.009897
0.000000 0.009954
0.000000 0.010014
0.000000 0.010076
0.000000 0.010141
0.000000 0.010209
0.000000 0.010280
0.000000 0.010355
0.000000 0.010433
0.000000 0.010515
0.000000 0.010602
0.000000 0.010692
0.000000 0.010787
0.000000 0.010887
0.000000 0.010991
0.000000 0.011100
0.000000 0.011213
0.000000 0.011332
0.000000 0.011457
0.000000 0.011587
0.000000 0.011554
0.000000 0.011525
0.000000 0.011499
0.000000 0.011475
0.000000 0.011451
0.000000 0.011427
0.000000 0.011403
0.000000 0.011377
0.000000 0.011351
0.000000 0.011323
0.000000 0.011293
0.000000 0.011262
0.000000 0.011229
0.000000 0.011194
0.000000 0.011157
0.000000 0.011117
0.000000 0.011076
0.000000 0.011033
0.000000 0.010987
0.000000 0.010939
0.000000 0.010901
0.000000 0.010859
0.000000 0.010815
0.000000 0.010768
0.000000 0.010719
0.000000 0.010666
0.000000 0.010611
0.000000 0.010553
0.000000 0.010492
0.000000 0.010428
0.000000 0.010361
0.000000 0.010290
0.000000 0.010216
0.000000 0.010139
0.000000 0.010058
0.000000 0.009973
0.000000 0.009884
0.000000 0.009791
0.000000 0.009694
0.000000 0.009592
0.000000 0.009615
0.000000 0.009635
0.000000 0.009653
0.000000 0.009669
0.000000 0.009684
0.000000 0.009699
0.000000 0.009715
0.000000 0.009730
0.000000 0.009747
0.000000 0.009764
0.000000 0.009782
0.000000 0.009801
0.000000 0.009821
0.000000 0.009842
0.000000 0.009865
0.000000 0.009889
0.000000 0.009914
0.000000 0.009941
0.000000 0.009969
0.000000 0.009998
0.000000 0.010053
0.000000 0.010110
0.000000 0.010169
0.000000 0.010231
0.000000 0.010295
0.000000 0.010363
0.000000 0.010434
0.000000 0.010508
0.000000 0.010586
0.000000 0.010668
0.000000 0.010754
0.000000 0.010844
0.000000 0.010939
0.000000 0.011038
0.000000 0.011142
0.000000 0.011250
0.000000 0.011364
0.000000 0.011483
0.000000 0.011607
0.000000 0.011737
0.000000 0.054908
0.000000 0.100145
0.000000 0.150314
0.000000 0.209344
0.000000 0.284091
0.000000 0.390030
0.000000 0.579763
0.000000 1.592797
0.000000 1.283996
0.000000 1.147302
0.000000 1.058707
0.000000 0.992850
0.000000 0.940320
0.000000 0.896603
0.000000 0.859193
0.000000 0.826552
0.000000 0.797673
0.000000 0.771860
0.000000 0.748609
0.000000 0.727548
0.000000 0.729567
0.000000 0.732057
0.000000 0.734854
0.000000 0.737820
0.000000 0.740850
0.000000 0.743864
0.000000 0.746805
0.000000 0.749636
0.000000 0.752332
0.000000 0.754879
0.000000 0.757271
0.000000 0.759504
0.000000 0.761579
0.000000 0.763501
0.000000 0.765273
0.000000 0.766899
0.000000 0.768387
0.000000 0.769740
0.000000 0.770964
0.000000 0.772064
0.000000 0.777433
0.000000 0.782449
0.000000 0.787207
0.000000 0.791768
0.000000 0.796174
0.000000 0.800454
0.000000 0.804625
0.000000 0.808699
0.000000 0.812680
0.000000 0.816571
0.000000 0.820369
0.000000 0.824070
0.000000 0.827667
0.000000 0.831153
0.000000 0.834517
0.000000 0.837750
0.000000 0.840841
0.000000 0.843776
0.000000 0.846545
0.000000 0.849133
0.000000 0.854750
0.000000 0.860147
0.000000 0.865350
0.000000 0.870375
0.000000 0.875229
0.000000 0.879914
0.000000 0.884425
0.000000 0.888755
0.000000 0.892893
0.000000 0.896824
0.000000 0.900531
0.000000 0.903997
0.000000 0.907201
0.000000 0.910119
0.000000 0.912729
0.000000 0.915005
0.000000 0.916921
0.000000 0.918447
0.000000 0.919556
0.000000 0.920216
0.000000 0.923782
0.000000 0.927084
0.000000 0.930123
0.000000 0.932903
0.000000 0.935426
0.000000 0.937693
0.000000 0.939703
0.000000 0.941457
0.000000 0.942953
0.000000 0.944190
0.000000 0.945167
0.000000 0.945883
0.000000 0.946336
0.000000 0.946524
0.000000 0.946447
0.000000 0.946103
0.000000 0.945492
0.000000 0.944613
0.000000 0.943466
0.000000 0.942050
0.000000 0.946231
0.000000 0.950110
0.000000 0.953752
0.000000 0.957207
0.000000 0.960514
0.000000 0.963702
0.000000 0.966794
0.000000 0.969806
0.000000 0.972752
0.000000 0.975644
0.000000 0.978489
0.000000 0.981295
0.000000 0.984067
0.000000 0.986812
0.000000 0.989533
0.000000 0.992236
0.000000 0.994923
0.000000 0.997600
0.000000 1.000270
0.000000 1.002937
0.000000 1.005277
0.000000 1.007613
0.000000 1.009945
0.000000 1.012273
0.000000 1.014597
0.000000 1.016919
0.000000 1.019239
0.000000 1.021561
0.000000 1.023884
0.000000 1.026212
0.000000 1.028545
0.000000 1.030886
0.000000 1.033236
0.000000 1.035598
0.000000 1.037971
0.000000 1.040359
0.000000 1.042762
0.000000 1.045181
0.000000 1.047618
0.000000 1.050072
0.000000 1.051701
0.000000 1.053406
0.000000 1.055177
0.000000 1.057008
0.000000 1.058895
0.000000 1.060836
0.000000 1.062831
0.000000 1.064881
0.000000 1.066987
0.000000 1.069150
0.000000 1.071372
0.000000 1.073656
0.000000 1.076003
0.000000 1.078414
0.000000 1.080892
0.000000 1.083439
0.000000 1.086056
0.000000 1.088743
0.000000 1.091503
0.000000 1.094337
0.000000 1.096180
0.000000 1.098140
0.000000 1.100205
0.000000 1.102363
0.000000 1.104607
0.000000 1.106933
0.000000 1.109337
0.000000 1.111818
0.000000 1.114374
0.000000 1.117003
0.000000 1.119706
0.000000 1.122482
0.000000 1.125330
0.000000 1.128251
0.000000 1.131243
0.000000 1.134307
0.000000 1.137441
0.000000 1.140646
0.000000 1.143921
0.000000 1.147264
0.000000 1.148487
0.000000 1.149753
0.000000 1.151038
0.000000 1.152323
0.000000 1.153592
0.000000 1.154830
0.000000 1.156029
0.000000 1.157178
0.000000 1.158269
0.000000 1.159295
0.000000 1.160251
0.000000 1.161130
0.000000 1.161927
0.000000 1.162637
0.000000 1.163256
0.000000 1.163780
0.000000 1.164202
0.000000 1.164521
0.000000 1.164730
0.000000 1.164825
0.000000 1.164075
0.000000 1.163225
0.000000 1.162267
0.000000 1.161193
0.000000 1.159996
0.000000 1.158673
0.000000 1.157219
0.000000 1.155634
0.000000 1.153913
0.000000 1.152057
0.000000 1.150065
0.000000 1.147935
0.000000 1.145668
0.000000 1.143263
0.000000 1.140720
0.000000 1.138040
0.000000 1.135223
0.000000 1.132269
0.000000 1.129178
0.000000 1.125951
0.000000 1.127108
0.000000 1.128049
0.000000 1.128841
0.000000 1.129535
0.000000 1.130168
0.000000 1.130768
0.000000 1.131359
0.000000 1.131955
0.000000 1.132572
0.000000 1.133219
0.000000 1.133904
0.000000 1.134634
0.000000 1.135414
0.000000 1.136249
0.000000 1.137143
0.000000 1.138099
0.000000 1.139120
0.000000 1.140209
0.000000 1.141367
0.000000 1.142599
0.000000 1.142733
0.000000 1.142916
0.000000 1.143138
0.000000 1.143391
0.000000 1.143667
0.000000 1.143963
0.000000 1.144275
0.000000 1.144599
0.000000 1.144935
0.000000 1.145281
0.000000 1.145636
0.000000 1.145999
0.000000 1.146372
0.000000 1.146755
0.000000 1.147148
0.000000 1.147553
0.000000 1.147969
0.000000 1.148399
0.000000 1.148844
0.000000 1.149305
0.000000 1.147866
0.000000 1.146442
0.000000 1.145016
0.000000 1.143575
0.000000 1.142112
0.000000 1.140620
0.000000 1.139094
0.000000 1.137531
0.000000 1.135931
0.000000 1.134293
0.000000 1.132617
0.000000 1.130902
0.000000 1.129152
0.000000 1.127366
0.000000 1.125545
0.000000 1.123693
0.000000 1.121810
0.000000 1.119897
0.000000 1.117958
0.000000 1.115992
0.000000 1.114673
0.000000 1.113327
0.000000 1.111966
0.000000 1.110596
0.000000 1.109225
0.000000 1.107858
0.000000 1.106499
0.000000 1.105152
0.000000 1.103820
0.000000 1.102505
0.000000 1.101210
0.000000 1.099935
0.000000 1.098684
0.000000 1.097456
0.000000 1.096253
0.000000 1.095077
0.000000 1.093927
0.000000 1.092805
0.000000 1.091710
0.000000 1.090645
0.000000 1.090790
0.000000 1.090974
0.000000 1.091212
0.000000 1.091519
0.000000 1.091903
0.000000 1.092375
0.000000 1.092941
0.000000 1.093607
0.000000 1.094379
0.000000 1.095261
0.000000 1.096258
0.000000 1.097372
0.000000 1.098608
0.000000 1.099968
0.000000 1.101454
0.000000 1.103071
0.000000 1.104820
0.000000 1.106704
0.000000 1.108725
0.000000 1.110886
0.000000 1.110611
0.000000 1.110425
0.000000 1.110305
0.000000 1.110231
0.000000 1.110187
0.000000 1.110163
0.000000 1.110148
0.000000 1.110133
0.000000 1.110113
0.000000 1.110083
0.000000 1.110037
0.000000 1.109973
0.000000 1.109887
0.000000 1.109777
0.000000 1.109640
0.000000 1.109475
0.000000 1.109280
0.000000 1.109053
0.000000 1.108793
0.000000 1.108498
0.000000 1.108456
0.000000 1.108377
0.000000 1.108264
0.000000 1.108118
0.000000 1.107939
0.000000 1.107728
0.000000 1.107485
0.000000 1.107210
0.000000 1.106902
0.000000 1.106562
0.000000 1.106188
0.000000 1.105780
0.000000 1.105337
0.000000 1.104860
0.000000 1.104346
0.000000 1.103796
0.000000 1.103209
0.000000 1.102584
0.000000 1.101921
0.000000 1.101218
0.000000 1.100159
0.000000 1.099065
0.000000 1.097930
0.000000 1.096753
0.000000 1.095531
0.000000 1.094264
0.000000 1.092948
0.000000 1.091585
0.000000 1.090173
0.000000 1.088713
0.000000 1.087205
0.000000 1.085648
0.000000 1.084044
0.000000 1.082392
0.000000 1.080694
0.000000 1.078949
0.000000 1.077159
0.000000 1.075325
0.000000 1.073447
0.000000 1.071525
0.000000 1.070569
0.000000 1.069562
0.000000 1.068520
0.000000 1.067450
0.000000 1.066362
0.000000 1.065261
0.000000 1.064152
0.000000 1.063039
0.000000 1.061924
0.000000 1.060810
0.000000 1.059700
0.000000 1.058594
0.000000 1.057494
0.000000 1.056401
0.000000 1.055317
0.000000 1.054243
0.000000 1.053178
0.000000 1.052125
0.000000 1.051084
0.000000 1.050055
0.000000 1.049039
0.000000 1.048037
0.000000 1.047049
0.000000 1.046077
0.000000 1.045120
0.000000 1.044180
0.000000 1.043257
0.000000 1.042352
0.000000 1.041464
0.000000 1.040595
0.000000 1.039746
0.000000 1.038917
0.000000 1.038108
0.000000 1.037320
0.000000 1.036554
0.000000 1.035810
0.000000 1.035089
0.000000 1.034392
0.000000 1.033718
0.000000 1.033069
0.000000 1.034177
0.000000 1.035320
0.000000 1.036522
0.000000 1.037802
0.000000 1.039177
0.000000 1.040659
0.000000 1.042260
0.000000 1.043990
0.000000 1.045856
0.000000 1.047866
0.000000 1.050027
0.000000 1.052345
0.000000 1.054827
0.000000 1.057477
0.000000 1.060303
0.000000 1.063308
0.000000 1.066498
0.000000 1.069879
0.000000 1.073456
0.000000 1.077235
0.000000 1.075778
0.000000 1.074409
0.000000 1.073089
0.000000 1.071785
0.000000 1.070472
0.000000 1.069133
0.000000 1.067752
0.000000 1.066319
0.000000 1.064827
0.000000 1.063270
0.000000 1.061644
0.000000 1.059947
0.000000 1.058177
0.000000 1.056334
0.000000 1.054417
0.000000 1.052427
0.000000 1.050365
0.000000 1.048230
0.000000 1.046024
0.000000 1.043749
0.000000 1.043129
0.000000 1.042415
0.000000 1.041628
0.000000 1.040786
0.000000 1.039904
0.000000 1.038990
0.000000 1.038053
0.000000 1.037099
0.000000 1.036131
0.000000 1.035153
0.000000 1.034169
0.000000 1.033179
0.000000 1.032185
0.000000 1.031188
0.000000 1.030188
0.000000 1.029187
0.000000 1.028185
0.000000 1.027181
0.000000 1.026177
0.000000 1.025171
0.000000 1.024165
0.000000 1.023157
0.000000 1.022149
0.000000 1.021139
0.000000 1.020127
0.000000 1.019114
0.000000 1.018099
0.000000 1.017083
0.000000 1.016064
0.000000 1.015043
0.000000 1.014019
0.000000 1.012992
0.000000 1.011963
0.000000 1.010931
0.000000 1.009895
0.000000 1.008856
0.000000 1.007813
0.000000 1.006767
0.000000 1.005716
0.000000 1.004661
0.000000 1.005836
0.000000 1.007008
0.000000 1.008208
0.000000 1.009459
0.000000 1.010780
0.000000 1.012185
0.000000 1.013686
0.000000 1.015295
0.000000 1.017020
0.000000 1.018867
0.000000 1.020845
0.000000 1.022958
0.000000 1.025212
0.000000 1.027612
0.000000 1.030163
0.000000 1.032870
0.000000 1.035736
0.000000 1.038768
0.000000 1.041968
0.000000 1.045342
0.000000 1.053630
0.000000 1.062162
0.000000 1.070980
0.000000 1.080120
0.000000 1.089608
0.000000 1.099466
0.000000 1.109714
0.000000 1.120365
0.000000 1.131431
0.000000 1.142924
0.000000 1.154852
0.000000 1.167224
0.000000 1.180045
0.000000 1.193324
0.000000 1.207067
0.000000 1.221279
0.000000 1.235965
0.000000 1.251132
0.000000 1.266785
0.000000 1.282928
0.000000 1.286318
0.000000 1.290019
0.000000 1.293925
0.000000 1.297958
0.000000 1.302055
0.000000 1.306169
0.000000 1.310266
0.000000 1.314320
0.000000 1.318313
0.000000 1.322230
0.000000 1.326063
0.000000 1.329805
0.000000 1.333451
0.000000 1.337000
0.000000 1.340449
0.000000 1.343799
0.000000 1.347048
0.000000 1.350198
0.000000 1.353248
0.000000 1.356200
0.000000 1.360508
0.000000 1.364728
0.000000 1.368871
0.000000 1.372947
0.000000 1.376960
0.000000 1.380916
0.000000 1.384816
0.000000 1.388662
0.000000 1.392452
0.000000 1.396187
0.000000 1.399863
0.000000 1.403478
0.000000 1.407028
0.000000 1.410510
0.000000 1.413919
0.000000 1.417249
0.000000 1.420497
0.000000 1.423657
0.000000 1.426722
0.000000 1.429688
0.000000 1.432808
0.000000 1.435820
0.000000 1.438720
0.000000 1.441505
0.000000 1.444170
0.000000 1.446710
0.000000 1.449119
0.000000 1.451392
0.000000 1.453523
0.000000 1.455507
0.000000 1.457336
0.000000 1.459005
0.000000 1.460508
0.000000 1.461837
0.000000 1.462987
0.000000 1.463951
0.000000 1.464722
0.000000 1.465295
0.000000 1.465662
0.000000 1.465817
0.000000 1.470410
0.000000 1.474795
0.000000 1.479020
0.000000 1.483120
0.000000 1.487121
0.000000 1.491043
0.000000 1.494901
0.000000 1.498704
0.000000 1.502460
0.000000 1.506173
0.000000 1.509845
0.000000 1.513479
0.000000 1.517073
0.000000 1.520627
0.000000 1.524139
0.000000 1.527609
0.000000 1.531032
0.000000 1.534408
0.000000 1.537732
0.000000 1.541002
0.000000 1.542850
0.000000 1.544652
0.000000 1.546391
0.000000 1.548054
0.000000 1.549631
0.000000 1.551115
0.000000 1.552501
0.000000 1.553785
0.000000 1.554965
0.000000 1.556038
0.000000 1.557005
0.000000 1.557865
0.000000 1.558619
0.000000 1.559268
0.000000 1.559814
0.000000 1.560257
0.000000 1.560600
0.000000 1.560845
0.000000 1.560995
0.000000 1.561051
0.000000 1.565223
0.000000 1.569267
0.000000 1.573243
0.000000 1.577196
0.000000 1.581162
0.000000 1.585170
0.000000 1.589241
0.000000 1.593395
0.000000 1.597647
0.000000 1.602008
0.000000 1.606490
0.000000 1.611102
0.000000 1.615851
0.000000 1.620745
0.000000 1.625791
0.000000 1.630995
0.000000 1.636361
0.000000 1.641896
0.000000 1.647605
0.000000 1.653492
0.000000 1.654169
0.000000 1.654970
0.000000 1.655849
0.000000 1.656771
0.000000 1.657709
0.000000 1.658642
0.000000 1.659554
0.000000 1.660435
0.000000 1.661277
0.000000 1.662074
0.000000 1.662822
0.000000 1.663519
0.000000 1.664163
0.000000 1.664755
0.000000 1.665293
0.000000 1.665780
0.000000 1.666214
0.000000 1.666598
0.000000 1.666933
0.000000 1.667219
0.000000 1.668126
0.000000 1.668994
0.000000 1.669829
0.000000 1.670640
0.000000 1.671432
0.000000 1.672209
0.000000 1.672975
0.000000 1.673733
0.000000 1.674486
0.000000 1.675235
0.000000 1.675982
0.000000 1.676728
0.000000 1.677475
0.000000 1.678221
0.000000 1.678969
0.000000 1.679719
0.000000 1.680470
0.000000 1.681222
0.000000 1.681976
0.000000 1.682730
0.000000 1.683012
0.000000 1.683293
0.000000 1.683568
0.000000 1.683832
0.000000 1.684080
0.000000 1.684311
0.000000 1.684519
0.000000 1.684704
0.000000 1.684864
0.000000 1.684995
0.000000 1.685097
0.000000 1.685167
0.000000 1.685204
0.000000 1.685205
0.000000 1.685171
0.000000 1.685098
0.000000 1.684985
0.000000 1.684831
0.000000 1.684633
0.000000 1.684391
0.000000 1.684495
0.000000 1.684554
0.000000 1.684570
0.000000 1.684544
0.000000 1.684478
0.000000 1.684372
0.000000 1.684226
0.000000 1.684039
0.000000 1.683813
0.000000 1.683545
0.000000 1.683234
0.000000 1.682881
0.000000 1.682484
0.000000 1.682041
0.000000 1.681553
0.000000 1.681017
0.000000 1.680432
0.000000 1.679798
0.000000 1.679114
0.000000 1.678377
0.000000 1.680315
0.000000 1.682200
0.000000 1.684065
0.000000 1.685934
0.000000 1.687827
0.000000 1.689758
0.000000 1.691739
0.000000 1.693779
0.000000 1.695885
0.000000 1.698063
0.000000 1.700317
0.000000 1.702652
0.000000 1.705070
0.000000 1.707574
0.000000 1.710165
0.000000 1.712847
0.000000 1.715620
0.000000 1.718486
0.000000 1.721446
0.000000 1.724502
0.000000 1.725777
0.000000 1.727124
0.000000 1.728524
0.000000 1.729965
0.000000 1.731433
0.000000 1.732921
0.000000 1.734421
0.000000 1.735929
0.000000 1.737439
0.000000 1.738950
0.000000 1.740459
0.000000 1.741964
0.000000 1.743465
0.000000 1.744960
0.000000 1.746450
0.000000 1.747934
0.000000 1.749412
0.000000 1.750885
0.000000 1.752353
0.000000 1.753817
0.000000 1.753170
0.000000 1.752518
0.000000 1.751842
0.000000 1.751126
0.000000 1.750358
0.000000 1.749530
0.000000 1.748637
0.000000 1.747675
0.000000 1.746641
0.000000 1.745534
0.000000 1.744352
0.000000 1.743096
0.000000 1.741766
0.000000 1.740363
0.000000 1.738889
0.000000 1.737344
0.000000 1.735729
0.000000 1.734047
0.000000 1.732299
0.000000 1.730486
0.000000 1.730025
0.000000 1.729490
0.000000 1.728901
0.000000 1.728271
0.000000 1.727613
0.000000 1.726936
0.000000 1.726245
0.000000 1.725547
0.000000 1.724845
0.000000 1.724145
0.000000 1.723447
0.000000 1.722756
0.000000 1.722071
0.000000 1.721396
0.000000 1.720731
0.000000 1.720077
0.000000 1.719435
0.000000 1.718806
0.000000 1.718190
0.000000 1.717588
0.000000 1.716644
0.000000 1.715714
0.000000 1.714797
0.000000 1.713888
0.000000 1.712986
0.000000 1.712089
0.000000 1.711196
0.000000 1.710306
0.000000 1.709418
0.000000 1.708532
0.000000 1.707647
0.000000 1.706763
0.000000 1.705879
0.000000 1.704995
0.000000 1.704111
0.000000 1.703227
0.000000 1.702341
0.000000 1.701455
0.000000 1.700567
0.000000 1.699678
0.000000 1.700710
0.000000 1.701742
0.000000 1.702798
0.000000 1.703895
0.000000 1.705049
0.000000 1.706270
0.000000 1.707567
0.000000 1.708946
0.000000 1.710415
0.000000 1.711976
0.000000 1.713633
0.000000 1.715390
0.000000 1.717249
0.000000 1.719212
0.000000 1.721280
0.000000 1.723454
0.000000 1.725737
0.000000 1.728128
0.000000 1.730629
0.000000 1.733241
0.000000 1.733759
0.000000 1.734361
0.000000 1.735023
0.000000 1.735729
0.000000 1.736465
0.000000 1.737219
0.000000 1.737983
0.000000 1.738750
0.000000 1.739515
0.000000 1.740274
0.000000 1.741022
0.000000 1.741757
0.000000 1.742478
0.000000 1.743181
0.000000 1.743867
0.000000 1.744533
0.000000 1.745179
0.000000 1.745804
0.000000 1.746407
0.000000 1.746988
0.000000 1.747836
0.000000 1.748661
0.000000 1.749466
0.000000 1.750254
0.000000 1.751026
0.000000 1.751783
0.000000 1.752527
0.000000 1.753257
0.000000 1.753975
0.000000 1.754681
0.000000 1.755376
0.000000 1.756059
0.000000 1.756731
0.000000 1.757393
0.000000 1.758044
0.000000 1.758685
0.000000 1.759316
0.000000 1.759937
0.000000 1.760549
0.000000 1.761151
0.000000 1.759774
0.000000 1.758387
0.000000 1.756973
0.000000 1.755516
0.000000 1.754005
0.000000 1.752433
0.000000 1.750794
0.000000 1.749083
0.000000 1.747299
0.000000 1.745439
0.000000 1.743502
0.000000 1.741489
0.000000 1.739399
0.000000 1.737234
0.000000 1.734993
0.000000 1.732678
0.000000 1.730291
0.000000 1.727831
0.000000 1.725302
0.000000 1.722703
0.000000 1.723693
0.000000 1.724582
0.000000 1.725421
0.000000 1.726250
0.000000 1.727098
0.000000 1.727989
0.000000 1.728943
0.000000 1.729972
0.000000 1.731090
0.000000 1.732305
0.000000 1.733626
0.000000 1.735058
0.000000 1.736608
0.000000 1.738279
0.000000 1.740075
0.000000 1.742000
0.000000 1.744057
0.000000 1.746249
0.000000 1.748578
0.000000 1.751046
0.000000 1.751126
0.000000 1.751315
0.000000 1.751588
0.000000 1.751927
0.000000 1.752316
0.000000 1.752744
0.000000 1.753202
0.000000 1.753682
0.000000 1.754178
0.000000 1.754687
0.000000 1.755206
0.000000 1.755731
0.000000 1.756260
0.000000 1.756792
0.000000 1.757327
0.000000 1.757862
0.000000 1.758397
0.000000 1.758932
0.000000 1.759467
0.000000 1.760000
0.000000 1.758418
0.000000 1.756834
0.000000 1.755226
0.000000 1.753580
0.000000 1.751883
0.000000 1.750127
0.000000 1.748303
0.000000 1.746409
0.000000 1.744441
0.000000 1.742396
0.000000 1.740274
0.000000 1.738074
0.000000 1.735795
0.000000 1.733438
0.000000 1.731003
0.000000 1.728491
0.000000 1.725903
0.000000 1.723240
0.000000 1.720503
0.000000 1.717693
0.000000 1.716438
0.000000 1.715097
0.000000 1.713688
0.000000 1.712230
0.000000 1.710733
0.000000 1.709207
0.000000 1.707660
0.000000 1.706096
0.000000 1.704521
0.000000 1.702936
0.000000 1.701345
0.000000 1.699750
0.000000 1.698152
0.000000 1.696552
0.000000 1.694950
0.000000 1.693348
0.000000 1.691746
0.000000 1.690144
0.000000 1.688542
0.000000 1.686941
0.000000 1.685466
0.000000 1.683991
0.000000 1.682518
0.000000 1.681048
0.000000 1.679582
0.000000 1.678120
0.000000 1.676663
0.000000 1.675210
0.000000 1.673763
0.000000 1.672321
0.000000 1.670884
0.000000 1.669452
0.000000 1.668026
0.000000 1.666606
0.000000 1.665190
0.000000 1.663780
0.000000 1.662376
0.000000 1.660976
0.000000 1.659582
0.000000 1.658194
0.000000 1.656810
0.000000 1.655432
0.000000 1.654059
0.000000 1.652692
0.000000 1.651329
0.000000 1.649972
0.000000 1.648620
0.000000 1.647274
0.000000 1.645932
0.000000 1.644596
0.000000 1.643264
0.000000 1.641938
0.000000 1.640617
0.000000 1.639302
0.000000 1.637991
0.000000 1.636686
0.000000 1.635385
0.000000 1.634090
0.000000 1.632800
0.000000 1.631516
0.000000 1.632285
0.000000 1.633062
0.000000 1.633872
0.000000 1.634735
0.000000 1.635667
0.000000 1.636680
0.000000 1.637784
0.000000 1.638986
0.000000 1.640294
0.000000 1.641713
0.000000 1.643246
0.000000 1.644898
0.000000 1.646673
0.000000 1.648572
0.000000 1.650599
0.000000 1.652756
0.000000 1.655044
0.000000 1.657466
0.000000 1.660024
0.000000 1.662719
0.000000 1.661161
0.000000 1.659690
0.000000 1.658264
0.000000 1.656855
0.000000 1.655440
0.000000 1.653998
0.000000 1.652519
0.000000 1.650990
0.000000 1.649404
0.000000 1.647757
0.000000 1.646044
0.000000 1.644263
0.000000 1.642411
0.000000 1.640489
0.000000 1.638495
0.000000 1.636430
0.000000 1.634295
0.000000 1.632089
0.000000 1.629815
0.000000 1.627472
0.000000 1.626688
0.000000 1.625823
0.000000 1.624896
0.000000 1.623924
0.000000 1.622919
0.000000 1.621890
0.000000 1.620845
0.000000 1.619789
0.000000 1.618727
0.000000 1.617662
0.000000 1.616596
0.000000 1.615532
0.000000 1.614472
0.000000 1.613415
0.000000 1.612365
0.000000 1.611320
0.000000 1.610282
0.000000 1.609252
0.000000 1.608229
0.000000 1.607214
0.000000 1.606207
0.000000 1.605208
0.000000 1.604217
0.000000 1.603235
0.000000 1.602261
0.000000 1.601295
0.000000 1.600339
0.000000 1.599390
0.000000 1.598451
0.000000 1.597519
0.000000 1.596597
0.000000 1.595683
0.000000 1.594777
0.000000 1.593880
0.000000 1.592992
0.000000 1.592112
0.000000 1.591240
0.000000 1.590377
0.000000 1.589522
0.000000 1.588676
0.000000 1.589764
0.000000 1.590864
0.000000 1.591999
0.000000 1.593187
0.000000 1.594444
0.000000 1.595781
0.000000 1.597208
0.000000 1.598731
0.000000 1.600357
0.000000 1.602091
0.000000 1.603937
0.000000 1.605898
0.000000 1.607978
0.000000 1.610178
0.000000 1.612501
0.000000 1.614949
0.000000 1.617525
0.000000 1.620229
0.000000 1.623063
0.000000 1.626028
0.000000 1.626750
0.000000 1.627574
0.000000 1.628476
0.000000 1.629438
0.000000 1.630446
0.000000 1.631489
0.000000 1.632557
0.000000 1.633643
0.000000 1.634742
0.000000 1.635850
0.000000 1.636963
0.000000 1.638079
0.000000 1.639196
0.000000 1.640311
0.000000 1.641425
0.000000 1.642535
0.000000 1.643641
0.000000 1.644743
0.000000 1.645840
0.000000 1.646931
0.000000 1.648017
0.000000 1.649097
0.000000 1.650171
0.000000 1.651239
0.000000 1.652301
0.000000 1.653356
0.000000 1.654405
0.000000 1.655447
0.000000 1.656483
0.000000 1.657512
0.000000 1.658535
0.000000 1.659551
0.000000 1.660560
0.000000 1.661563
0.000000 1.662559
0.000000 1.663549
0.000000 1.664532
0.000000 1.665509
0.000000 1.666479
0.000000 1.667442
0.000000 1.668399
0.000000 1.669349
0.000000 1.670292
0.000000 1.671229
0.000000 1.672160
0.000000 1.673084
0.000000 1.674001
0.000000 1.674912
0.000000 1.675816
0.000000 1.676714
0.000000 1.677606
0.000000 1.678491
0.000000 1.679369
0.000000 1.680241
0.000000 1.681107
0.000000 1.681966
0.000000 1.682819
0.000000 1.683665
0.000000 1.684505
0.000000 1.685339
0.000000 1.686167
0.000000 1.686988
0.000000 1.687803
0.000000 1.688611
0.000000 1.689413
0.000000 1.690209
0.000000 1.690999
0.000000 1.691783
0.000000 1.692560
0.000000 1.693331
0.000000 1.694096
0.000000 1.694855
0.000000 1.695608
0.000000 1.696354
0.000000 1.697095
0.000000 1.697829
0.000000 1.698558
0.000000 1.699280
0.000000 1.699997
0.000000 1.700707
0.000000 1.693331
0.000000 1.685948
0.000000 1.678480
0.000000 1.670864
0.000000 1.663055
0.000000 1.655018
0.000000 1.646728
0.000000 1.638166
0.000000 1.629319
0.000000 1.620177
0.000000 1.610734
0.000000 1.600985
0.000000 1.590928
0.000000 1.580563
0.000000 1.569887
0.000000 1.558904
0.000000 1.547612
0.000000 1.536015
0.000000 1.524114
0.000000 1.511912
0.000000 1.504014
0.000000 1.495802
0.000000 1.487323
0.000000 1.478613
0.000000 1.469700
0.000000 1.460606
0.000000 1.451348
0.000000 1.441939
0.000000 1.432387
0.000000 1.422702
0.000000 1.412889
0.000000 1.402954
0.000000 1.392900
0.000000 1.382731
0.000000 1.372450
0.000000 1.362059
0.000000 1.351562
0.000000 1.340960
0.000000 1.330256
0.000000 1.319452
0.000000 1.313528
0.000000 1.307437
0.000000 1.301245
0.000000 1.295006
0.000000 1.288756
0.000000 1.282527
0.000000 1.276342
0.000000 1.270217
0.000000 1.264168
0.000000 1.258207
0.000000 1.252342
0.000000 1.246582
0.000000 1.240933
0.000000 1.235401
0.000000 1.229992
0.000000 1.224710
0.000000 1.219560
0.000000 1.214547
0.000000 1.209675
0.000000 1.204947
0.000000 1.200248
0.000000 1.195703
0.000000 1.191315
0.000000 1.187087
0.000000 1.183021
0.000000 1.179122
0.000000 1.175394
0.000000 1.171839
0.000000 1.168462
0.000000 1.165267
0.000000 1.162258
0.000000 1.159437
0.000000 1.156809
0.000000 1.154378
0.000000 1.152147
0.000000 1.150119
0.000000 1.148299
0.000000 1.146688
0.000000 1.145291
0.000000 1.144110
0.000000 1.139948
0.000000 1.136017
0.000000 1.132284
0.000000 1.128727
0.000000 1.125328
0.000000 1.122073
0.000000 1.118955
0.000000 1.115966
0.000000 1.113102
0.000000 1.110360
0.000000 1.107738
0.000000 1.105234
0.000000 1.102849
0.000000 1.100583
0.000000 1.098434
0.000000 1.096405
0.000000 1.094494
0.000000 1.092702
0.000000 1.091030
0.000000 1.089478
0.000000 1.086177
0.000000 1.083011
0.000000 1.079957
0.000000 1.076999
0.000000 1.074124
0.000000 1.071321
0.000000 1.068583
0.000000 1.065903
0.000000 1.063277
0.000000 1.060701
0.000000 1.058170
0.000000 1.055682
0.000000 1.053234
0.000000 1.050823
0.000000 1.048447
0.000000 1.046103
0.000000 1.043789
0.000000 1.041503
0.000000 1.039242
0.000000 1.037003
0.000000 1.033363
0.000000 1.029740
0.000000 1.026117
0.000000 1.022481
0.000000 1.018820
0.000000 1.015126
0.000000 1.011393
0.000000 1.007612
0.000000 1.003781
0.000000 0.999894
0.000000 0.995948
0.000000 0.991940
0.000000 0.987865
0.000000 0.983723
0.000000 0.979509
0.000000 0.975222
0.000000 0.970860
0.000000 0.966420
0.000000 0.961899
0.000000 0.957296
0.000000 0.956644
0.000000 0.955860
0.000000 0.954999
0.000000 0.954101
0.000000 0.953197
0.000000 0.952309
0.000000 0.951454
0.000000 0.950644
0.000000 0.949890
0.000000 0.949199
0.000000 0.948574
0.000000 0.948021
0.000000 0.947541
0.000000 0.947136
0.000000 0.946806
0.000000 0.946552
0.000000 0.946374
0.000000 0.946271
0.000000 0.946242
0.000000 0.946287
0.000000 0.943450
0.000000 0.940645
0.000000 0.937847
0.000000 0.935039
0.000000 0.932204
0.000000 0.929331
0.000000 0.926414
0.000000 0.923444
0.000000 0.920418
0.000000 0.917334
0.000000 0.914189
0.000000 0.910984
0.000000 0.907717
0.000000 0.904390
0.000000 0.901003
0.000000 0.897558
0.000000 0.894055
0.000000 0.890496
0.000000 0.886884
0.000000 0.883220
0.000000 0.881661
0.000000 0.880021
0.000000 0.878330
0.000000 0.876611
0.000000 0.874881
0.000000 0.873154
0.000000 0.871439
0.000000 0.869745
0.000000 0.868078
0.000000 0.866444
0.000000 0.864847
0.000000 0.863291
0.000000 0.861778
0.000000 0.860310
0.000000 0.858892
0.000000 0.857523
0.000000 0.856206
0.000000 0.854944
0.000000 0.853736
0.000000 0.852585
0.000000 0.851017
0.000000 0.849512
0.000000 0.848063
0.000000 0.846670
0.000000 0.845330
0.000000 0.844042
0.000000 0.842806
0.000000 0.841621
0.000000 0.840488
0.000000 0.839407
0.000000 0.838378
0.000000 0.837402
0.000000 0.836480
0.000000 0.835613
0.000000 0.834800
0.000000 0.834043
0.000000 0.833343
0.000000 0.832700
0.000000 0.832115
0.000000 0.831589
0.000000 0.832370
0.000000 0.833226
0.000000 0.834177
0.000000 0.835237
0.000000 0.836417
0.000000 0.837728
0.000000 0.839179
0.000000 0.840779
0.000000 0.842534
0.000000 0.844450
0.000000 0.846535
0.000000 0.848792
0.000000 0.851228
0.000000 0.853847
0.000000 0.856655
0.000000 0.859655
0.000000 0.862854
0.000000 0.866256
0.000000 0.869865
0.000000 0.873686
0.000000 0.874184
0.000000 0.874819
0.000000 0.875558
0.000000 0.876378
0.000000 0.877258
0.000000 0.878183
0.000000 0.879140
0.000000 0.880118
0.000000 0.881110
0.000000 0.882108
0.000000 0.883107
0.000000 0.884104
0.000000 0.885093
0.000000 0.886073
0.000000 0.887040
0.000000 0.887991
0.000000 0.888926
0.000000 0.889841
0.000000 0.890735
0.000000 0.891606
0.000000 0.892771
0.000000 0.893911
0.000000 0.895029
0.000000 0.896124
0.000000 0.897199
0.000000 0.898253
0.000000 0.899286
0.000000 0.900298
0.000000 0.901289
0.000000 0.902257
0.000000 0.903203
0.000000 0.904125
0.000000 0.905023
0.000000 0.905895
0.000000 0.906742
0.000000 0.907561
0.000000 0.908352
0.000000 0.909115
0.000000 0.909848
0.000000 0.910550
0.000000 0.909546
0.000000 0.908517
0.000000 0.907447
0.000000 0.906325
0.000000 0.905142
0.000000 0.903891
0.000000 0.902568
0.000000 0.901170
0.000000 0.899695
0.000000 0.898143
0.000000 0.896512
0.000000 0.894805
0.000000 0.893020
0.000000 0.891159
0.000000 0.889223
0.000000 0.887214
0.000000 0.885133
0.000000 0.882981
0.000000 0.880759
0.000000 0.878470
0.000000 0.878036
0.000000 0.877506
0.000000 0.876908
0.000000 0.876262
0.000000 0.875583
0.000000 0.874881
0.000000 0.874167
0.000000 0.873447
0.000000 0.872726
0.000000 0.872008
0.000000 0.871297
0.000000 0.870595
0.000000 0.869905
0.000000 0.869228
0.000000 0.868565
0.000000 0.867918
0.000000 0.867288
0.000000 0.866675
0.000000 0.866080
0.000000 0.865504
0.000000 0.865830
0.000000 0.866179
0.000000 0.866561
0.000000 0.866986
0.000000 0.867460
0.000000 0.867991
0.000000 0.868582
0.000000 0.869238
0.000000 0.869961
0.000000 0.870755
0.000000 0.871622
0.000000 0.872564
0.000000 0.873583
0.000000 0.874681
0.000000 0.875859
0.000000 0.877119
0.000000 0.878462
0.000000 0.879889
0.000000 0.881403
0.000000 0.883004
0.000000 0.882226
0.000000 0.881513
0.000000 0.880840
0.000000 0.880190
0.000000 0.879551
0.000000 0.878911
0.000000 0.878263
0.000000 0.877601
0.000000 0.876921
0.000000 0.876218
0.000000 0.875492
0.000000 0.874740
0.000000 0.873962
0.000000 0.873156
0.000000 0.872322
0.000000 0.871460
0.000000 0.870570
0.000000 0.869652
0.000000 0.868706
0.000000 0.867733
0.000000 0.867498
0.000000 0.867230
0.000000 0.866939
0.000000 0.866631
0.000000 0.866313
0.000000 0.865988
0.000000 0.865660
0.000000 0.865330
0.000000 0.865002
0.000000 0.864676
0.000000 0.864353
0.000000 0.864035
0.000000 0.863720
0.000000 0.863411
0.000000 0.863107
0.000000 0.862808
0.000000 0.862515
0.000000 0.862227
0.000000 0.861944
0.000000 0.861666
0.000000 0.861393
0.000000 0.861124
0.000000 0.860861
0.000000 0.860601
0.000000 0.860346
0.000000 0.860094
0.000000 0.859847
0.000000 0.859602
0.000000 0.859361
0.000000 0.859123
0.000000 0.858887
0.000000 0.858654
0.000000 0.858423
0.000000 0.858194
0.000000 0.857967
0.000000 0.857741
0.000000 0.857516
0.000000 0.857292
0.000000 0.857068
0.000000 0.856845
0.000000 0.856622
0.000000 0.856399
0.000000 0.856176
0.000000 0.855952
0.000000 0.855727
0.000000 0.855501
0.000000 0.855273
0.000000 0.855044
0.000000 0.854813
0.000000 0.854580
0.000000 0.854345
0.000000 0.854106
0.000000 0.853865
0.000000 0.853621
0.000000 0.853374
0.000000 0.853123
0.000000 0.852868
0.000000 0.852609
0.000000 0.852346
0.000000 0.852078
0.000000 0.852059
0.000000 0.852036
0.000000 0.852010
0.000000 0.851984
0.000000 0.851960
0.000000 0.851938
0.000000 0.851919
0.000000 0.851904
0.000000 0.851893
0.000000 0.851887
0.000000 0.851886
0.000000 0.851890
0.000000 0.851899
0.000000 0.851914
0.000000 0.851934
0.000000 0.851960
0.000000 0.851991
0.000000 0.852029
0.000000 0.852072
0.000000 0.852122
0.000000 0.852178
0.000000 0.852240
0.000000 0.852308
0.000000 0.852383
0.000000 0.852465
0.000000 0.852553
0.000000 0.852649
0.000000 0.852751
0.000000 0.852860
0.000000 0.852977
0.000000 0.853101
0.000000 0.853233
0.000000 0.853372
0.000000 0.853519
0.000000 0.853674
0.000000 0.853838
0.000000 0.854009
0.000000 0.854189
0.000000 0.854378
0.000000 0.854575
0.000000 0.855532
0.000000 0.856500
0.000000 0.857487
0.000000 0.858502
0.000000 0.859550
0.000000 0.860636
0.000000 0.861763
0.000000 0.862934
0.000000 0.864152
0.000000 0.865418
0.000000 0.866734
0.000000 0.868101
0.000000 0.869521
0.000000 0.870995
0.000000 0.872522
0.000000 0.874104
0.000000 0.875742
0.000000 0.877435
0.000000 0.879185
0.000000 0.880992
0.000000 0.880827
0.000000 0.880700
0.000000 0.880591
0.000000 0.880487
0.000000 0.880374
0.000000 0.880246
0.000000 0.880094
0.000000 0.879914
0.000000 0.879702
0.000000 0.879455
0.000000 0.879171
0.000000 0.878849
0.000000 0.878488
0.000000 0.878086
0.000000 0.877645
0.000000 0.877163
0.000000 0.876641
0.000000 0.876079
0.000000 0.875476
0.000000 0.874834
0.000000 0.876079
0.000000 0.877270
0.000000 0.878432
0.000000 0.879585
0.000000 0.880744
0.000000 0.881920
0.000000 0.883123
0.000000 0.884359
0.000000 0.885634
0.000000 0.886953
0.000000 0.888318
0.000000 0.889734
0.000000 0.891201
0.000000 0.892723
0.000000 0.894301
0.000000 0.895935
0.000000 0.897627
0.000000 0.899379
0.000000 0.901191
0.000000 0.903063
0.000000 0.902104
0.000000 0.901181
0.000000 0.900267
0.000000 0.899346
0.000000 0.898401
0.000000 0.897421
0.000000 0.896400
0.000000 0.895330
0.000000 0.894209
0.000000 0.893032
0.000000 0.891799
0.000000 0.890508
0.000000 0.889158
0.000000 0.887751
0.000000 0.886287
0.000000 0.884765
0.000000 0.883187
0.000000 0.881554
0.000000 0.879866
0.000000 0.878125
0.000000 0.879499
0.000000 0.880773
0.000000 0.881998
0.000000 0.883211
0.000000 0.884439
0.000000 0.885705
0.000000 0.887028
0.000000 0.888420
0.000000 0.889893
0.000000 0.891458
0.000000 0.893120
0.000000 0.894889
0.000000 0.896768
0.000000 0.898764
0.000000 0.900880
0.000000 0.903122
0.000000 0.905493
0.000000 0.907997
0.000000 0.910637
0.000000 0.913417
0.000000 0.913832
0.000000 0.914339
0.000000 0.914917
0.000000 0.915548
0.000000 0.916219
0.000000 0.916917
0.000000 0.917635
0.000000 0.918366
0.000000 0.919103
0.000000 0.919844
0.000000 0.920584
0.000000 0.921321
0.000000 0.922053
0.000000 0.922779
0.000000 0.923496
0.000000 0.924204
0.000000 0.924902
0.000000 0.925590
0.000000 0.926266
0.000000 0.926931
0.000000 0.927864
0.000000 0.928784
0.000000 0.929696
0.000000 0.930600
0.000000 0.931498
0.000000 0.932392
0.000000 0.933282
0.000000 0.934170
0.000000 0.935055
0.000000 0.935938
0.000000 0.936820
0.000000 0.937700
0.000000 0.938579
0.000000 0.939457
0.000000 0.940335
0.000000 0.941212
0.000000 0.942089
0.000000 0.942965
0.000000 0.943841
0.000000 0.944718
0.000000 0.944562
0.000000 0.944405
0.000000 0.944238
0.000000 0.944053
0.000000 0.943843
0.000000 0.943605
0.000000 0.943336
0.000000 0.943032
0.000000 0.942692
0.000000 0.942316
0.000000 0.941903
0.000000 0.941452
0.000000 0.940963
0.000000 0.940437
0.000000 0.939873
0.000000 0.939273
0.000000 0.938636
0.000000 0.937963
0.000000 0.937255
0.000000 0.936511
0.000000 0.936374
0.000000 0.936197
0.000000 0.935989
0.000000 0.935757
0.000000 0.935504
0.000000 0.935236
0.000000 0.934954
0.000000 0.934661
0.000000 0.934359
0.000000 0.934049
0.000000 0.933732
0.000000 0.933409
0.000000 0.933080
0.000000 0.932746
0.000000 0.932407
0.000000 0.932064
0.000000 0.931716
0.000000 0.931364
0.000000 0.931007
0.000000 0.930645
0.000000 0.932477
0.000000 0.934307
0.000000 0.936165
0.000000 0.938074
0.000000 0.940052
0.000000 0.942114
0.000000 0.944273
0.000000 0.946538
0.000000 0.948918
0.000000 0.951422
0.000000 0.954054
0.000000 0.956821
0.000000 0.959729
0.000000 0.962783
0.000000 0.965987
0.000000 0.969346
0.000000 0.972865
0.000000 0.976549
0.000000 0.980401
0.000000 0.984427
0.000000 0.973116
0.000000 0.961758
0.000000 0.950175
0.000000 0.938228
0.000000 0.925804
0.000000 0.912816
0.000000 0.899196
0.000000 0.884891
0.000000 0.869864
0.000000 0.854086
0.000000 0.837542
0.000000 0.820225
0.000000 0.802135
0.000000 0.783282
0.000000 0.763683
0.000000 0.743365
0.000000 0.722362
0.000000 0.700716
0.000000 0.678481
0.000000 0.655719
0.000000 0.647316
0.000000 0.638565
0.000000 0.629542
0.000000 0.620311
0.000000 0.610918
0.000000 0.601403
0.000000 0.591794
0.000000 0.582113
0.000000 0.572378
0.000000 0.562601
0.000000 0.552794
0.000000 0.542963
0.000000 0.533116
0.000000 0.523257
0.000000 0.513392
0.000000 0.503524
0.000000 0.493657
0.000000 0.483794
0.000000 0.473937
0.000000 0.464089
0.000000 0.456726
0.000000 0.449182
0.000000 0.441537
0.000000 0.433847
0.000000 0.426148
0.000000 0.418470
0.000000 0.410836
0.000000 0.403264
0.000000 0.395770
0.000000 0.388369
0.000000 0.381075
0.000000 0.373901
0.000000 0.366860
0.000000 0.359966
0.000000 0.353234
0.000000 0.346677
0.000000 0.340311
0.000000 0.334152
0.000000 0.328219
0.000000 0.322528
0.000000 0.316185
0.000000 0.310066
0.000000 0.304178
0.000000 0.298528
0.000000 0.293124
0.000000 0.287976
0.000000 0.283093
0.000000 0.278485
0.000000 0.274164
0.000000 0.270141
0.000000 0.266425
0.000000 0.263030
0.000000 0.259965
0.000000 0.257241
0.000000 0.254869
0.000000 0.252859
0.000000 0.251221
0.000000 0.249965
0.000000 0.249099
0.000000 0.248631
0.000000 0.242925
0.000000 0.237578
0.000000 0.232546
0.000000 0.227796
0.000000 0.223303
0.000000 0.219047
0.000000 0.215015
0.000000 0.211197
0.000000 0.207586
0.000000 0.204178
0.000000 0.200968
0.000000 0.197955
0.000000 0.195138
0.000000 0.192514
0.000000 0.190084
0.000000 0.187847
0.000000 0.185802
0.000000 0.183949
0.000000 0.182288
0.000000 0.180817
0.000000 0.175787
0.000000 0.171003
0.000000 0.166416
0.000000 0.161990
0.000000 0.157698
0.000000 0.153517
0.000000 0.149432
0.000000 0.145430
0.000000 0.141500
0.000000 0.137635
0.000000 0.133826
0.000000 0.130068
0.000000 0.126355
0.000000 0.122682
0.000000 0.119044
0.000000 0.115437
0.000000 0.111856
0.000000 0.108296
0.000000 0.104754
0.000000 0.101223
0.000000 0.096976
0.000000 0.092734
0.000000 0.088484
0.000000 0.084218
0.000000 0.079926
0.000000 0.075600
0.000000 0.071235
0.000000 0.066823
0.000000 0.062360
0.000000 0.057840
0.000000 0.053258
0.000000 0.048610
0.000000 0.043891
0.000000 0.039097
0.000000 0.034224
0.000000 0.029269
0.000000 0.024228
0.000000 0.019097
0.000000 0.013873
0.000000 0.008553
0.000000 0.005200
0.000000 0.001704
0.000000 -0.001913
0.000000 -0.005636
0.000000 -0.009455
0.000000 -0.013365
0.000000 -0.017362
0.000000 -0.021444
0.000000 -0.025613
0.000000 -0.029869
0.000000 -0.034215
0.000000 -0.038653
0.000000 -0.043187
0.000000 -0.047821
0.000000 -0.052557
0.000000 -0.057401
0.000000 -0.062354
0.000000 -0.067423
0.000000 -0.072609
0.000000 -0.077918
0.000000 -0.080346
0.000000 -0.082876
0.000000 -0.085481
0.000000 -0.088140
0.000000 -0.090838
0.000000 -0.093563
0.000000 -0.096306
0.000000 -0.099060
0.000000 -0.101819
0.000000 -0.104581
0.000000 -0.107340
0.000000 -0.110095
0.000000 -0.112844
0.000000 -0.115585
0.000000 -0.118316
0.000000 -0.121036
0.000000 -0.123743
0.000000 -0.126437
0.000000 -0.129115
0.000000 -0.131777
0.000000 -0.133582
0.000000 -0.135373
0.000000 -0.137137
0.000000 -0.138863
0.000000 -0.140545
0.000000 -0.142175
0.000000 -0.143748
0.000000 -0.145259
0.000000 -0.146702
0.000000 -0.148074
0.000000 -0.149370
0.000000 -0.150588
0.000000 -0.151722
0.000000 -0.152770
0.000000 -0.153727
0.000000 -0.154590
0.000000 -0.155356
0.000000 -0.156020
0.000000 -0.156578
0.000000 -0.157028
0.000000 -0.158304
0.000000 -0.159473
0.000000 -0.160541
0.000000 -0.161514
0.000000 -0.162392
0.000000 -0.163179
0.000000 -0.163875
0.000000 -0.164479
0.000000 -0.164991
0.000000 -0.165410
0.000000 -0.165735
0.000000 -0.165964
0.000000 -0.166095
0.000000 -0.166128
0.000000 -0.166060
0.000000 -0.165889
0.000000 -0.165614
0.000000 -0.165233
0.000000 -0.164745
0.000000 -0.164146
0.000000 -0.165060
0.000000 -0.165859
0.000000 -0.166559
0.000000 -0.167172
0.000000 -0.167708
0.000000 -0.168172
0.000000 -0.168572
0.000000 -0.168909
0.000000 -0.169186
0.000000 -0.169406
0.000000 -0.169570
0.000000 -0.169679
0.000000 -0.169733
0.000000 -0.169734
0.000000 -0.169682
0.000000 -0.169576
0.000000 -0.169418
0.000000 -0.169208
0.000000 -0.168945
0.000000 -0.168632
0.000000 -0.169295
0.000000 -0.169910
0.000000 -0.170488
0.000000 -0.171038
0.000000 -0.171567
0.000000 -0.172081
0.000000 -0.172583
0.000000 -0.173078
0.000000 -0.173568
0.000000 -0.174057
0.000000 -0.174546
0.000000 -0.175038
0.000000 -0.175534
0.000000 -0.176036
0.000000 -0.176546
0.000000 -0.177066
0.000000 -0.177597
0.000000 -0.178140
0.000000 -0.178698
0.000000 -0.179271
0.000000 -0.179560
0.000000 -0.179871
0.000000 -0.180202
0.000000 -0.180552
0.000000 -0.180922
0.000000 -0.181310
0.000000 -0.181718
0.000000 -0.182146
0.000000 -0.182596
0.000000 -0.183068
0.000000 -0.183564
0.000000 -0.184086
0.000000 -0.184634
0.000000 -0.185211
0.000000 -0.185817
0.000000 -0.186455
0.000000 -0.187125
0.000000 -0.187830
0.000000 -0.188571
0.000000 -0.189348
0.000000 -0.189335
0.000000 -0.189365
0.000000 -0.189431
0.000000 -0.189527
0.000000 -0.189649
0.000000 -0.189793
0.000000 -0.189958
0.000000 -0.190144
0.000000 -0.190348
0.000000 -0.190571
0.000000 -0.190813
0.000000 -0.191074
0.000000 -0.191355
0.000000 -0.191656
0.000000 -0.191978
0.000000 -0.192321
0.000000 -0.192686
0.000000 -0.193074
0.000000 -0.193485
0.000000 -0.193920
0.000000 -0.193709
0.000000 -0.193518
0.000000 -0.193340
0.000000 -0.193170
0.000000 -0.193004
0.000000 -0.192839
0.000000 -0.192673
0.000000 -0.192504
0.000000 -0.192330
0.000000 -0.192150
0.000000 -0.191963
0.000000 -0.191768
0.000000 -0.191565
0.000000 -0.191352
0.000000 -0.191128
0.000000 -0.190895
0.000000 -0.190649
0.000000 -0.190392
0.000000 -0.190121
0.000000 -0.189838
0.000000 -0.189401
0.000000 -0.188950
0.000000 -0.188481
0.000000 -0.187994
0.000000 -0.187486
0.000000 -0.186956
0.000000 -0.186403
0.000000 -0.185825
0.000000 -0.185222
0.000000 -0.184592
0.000000 -0.183934
0.000000 -0.183248
0.000000 -0.182533
0.000000 -0.181787
0.000000 -0.181009
0.000000 -0.180199
0.000000 -0.179356
0.000000 -0.178479
0.000000 -0.177567
0.000000 -0.176619
0.000000 -0.176049
0.000000 -0.175441
0.000000 -0.174799
0.000000 -0.174126
0.000000 -0.173424
0.000000 -0.172693
0.000000 -0.171935
0.000000 -0.171150
0.000000 -0.170339
0.000000 -0.169500
0.000000 -0.168635
0.000000 -0.167743
0.000000 -0.166824
0.000000 -0.165877
0.000000 -0.164903
0.000000 -0.163900
0.000000 -0.162868
0.000000 -0.161807
0.000000 -0.160717
0.000000 -0.159597
0.000000 -0.159001
0.000000 -0.158374
0.000000 -0.157723
0.000000 -0.157051
0.000000 -0.156363
0.000000 -0.155661
0.000000 -0.154946
0.000000 -0.154221
0.000000 -0.153486
0.000000 -0.152743
0.000000 -0.151992
0.000000 -0.151233
0.000000 -0.150469
0.000000 -0.149698
0.000000 -0.148921
0.000000 -0.148139
0.000000 -0.147352
0.000000 -0.146561
0.000000 -0.145766
0.000000 -0.144967
0.000000 -0.144371
0.000000 -0.143771
0.000000 -0.143172
0.000000 -0.142575
0.000000 -0.141981
0.000000 -0.141392
0.000000 -0.140809
0.000000 -0.140233
0.000000 -0.139666
0.000000 -0.139107
0.000000 -0.138557
0.000000 -0.138018
0.000000 -0.137490
0.000000 -0.136972
0.000000 -0.136467
0.000000 -0.135975
0.000000 -0.135495
0.000000 -0.135030
0.000000 -0.134578
0.000000 -0.134141
0.000000 -0.133478
0.000000 -0.132835
0.000000 -0.132209
0.000000 -0.131597
0.000000 -0.131001
0.000000 -0.130417
0.000000 -0.129847
0.000000 -0.129291
0.000000 -0.128747
0.000000 -0.128218
0.000000 -0.127702
0.000000 -0.127201
0.000000 -0.126715
0.000000 -0.126244
0.000000 -0.125789
0.000000 -0.125351
0.000000 -0.124929
0.000000 -0.124526
0.000000 -0.124141
0.000000 -0.123775
0.000000 -0.123059
0.000000 -0.122360
0.000000 -0.121675
0.000000 -0.121000
0.000000 -0.120335
0.000000 -0.119677
0.000000 -0.119025
0.000000 -0.118379
0.000000 -0.117739
0.000000 -0.117103
0.000000 -0.116471
0.000000 -0.115843
0.000000 -0.115219
0.000000 -0.114599
0.000000 -0.113982
0.000000 -0.113368
0.000000 -0.112758
0.000000 -0.112151
0.000000 -0.111547
0.000000 -0.110946
0.000000 -0.110209
0.000000 -0.109474
0.000000 -0.108740
0.000000 -0.108005
0.000000 -0.107270
0.000000 -0.106531
0.000000 -0.105790
0.000000 -0.105044
0.000000 -0.104295
0.000000 -0.103540
0.000000 -0.102781
0.000000 -0.102015
0.000000 -0.101244
0.000000 -0.100466
0.000000 -0.099681
0.000000 -0.098889
0.000000 -0.098090
0.000000 -0.097282
0.000000 -0.096467
0.000000 -0.095642
0.000000 -0.095015
0.000000 -0.094378
0.000000 -0.093736
0.000000 -0.093087
0.000000 -0.092435
0.000000 -0.091778
0.000000 -0.091119
0.000000 -0.090456
0.000000 -0.089791
0.000000 -0.089123
0.000000 -0.088452
0.000000 -0.087780
0.000000 -0.087104
0.000000 -0.086426
0.000000 -0.085745
0.000000 -0.085062
0.000000 -0.084375
0.000000 -0.083686
0.000000 -0.082994
0.000000 -0.082299
0.000000 -0.081660
0.000000 -0.081018
0.000000 -0.080373
0.000000 -0.079725
0.000000 -0.079074
0.000000 -0.078422
0.000000 -0.077768
0.000000 -0.077112
0.000000 -0.076454
0.000000 -0.075794
0.000000 -0.075133
0.000000 -0.074471
0.000000 -0.073806
0.000000 -0.073141
0.000000 -0.072473
0.000000 -0.071804
0.000000 -0.071134
0.000000 -0.070462
0.000000 -0.069788
0.000000 -0.069113
0.000000 -0.068498
0.000000 -0.067881
0.000000 -0.067263
0.000000 -0.066645
0.000000 -0.066026
0.000000 -0.065408
0.000000 -0.064791
0.000000 -0.064174
0.000000 -0.063558
0.000000 -0.062944
0.000000 -0.062331
0.000000 -0.061719
0.000000 -0.061109
0.000000 -0.060500
0.000000 -0.059894
0.000000 -0.059289
0.000000 -0.058686
0.000000 -0.058086
0.000000 -0.057487
0.000000 -0.056891
0.000000 -0.056371
0.000000 -0.055854
0.000000 -0.055341
0.000000 -0.054832
0.000000 -0.054328
0.000000 -0.053830
0.000000 -0.053338
0.000000 -0.052852
0.000000 -0.052372
0.000000 -0.051900
0.000000 -0.051435
0.000000 -0.050977
0.000000 -0.050526
0.000000 -0.050084
0.000000 -0.049649
0.000000 -0.049223
0.000000 -0.048805
0.000000 -0.048396
0.000000 -0.047995
0.000000 -0.047603
0.000000 -0.047082
0.000000 -0.046570
0.000000 -0.046065
0.000000 -0.045568
0.000000 -0.045077
0.000000 -0.044592
0.000000 -0.044111
0.000000 -0.043636
0.000000 -0.043166
0.000000 -0.042700
0.000000 -0.042240
0.000000 -0.041783
0.000000 -0.041332
0.000000 -0.040884
0.000000 -0.040442
0.000000 -0.040004
0.000000 -0.039571
0.000000 -0.039142
0.000000 -0.038719
0.000000 -0.038300
0.000000 -0.037885
0.000000 -0.037476
0.000000 -0.037071
0.000000 -0.036671
0.000000 -0.036276
0.000000 -0.035885
0.000000 -0.035500
0.000000 -0.035119
0.000000 -0.034743
0.000000 -0.034373
0.000000 -0.034006
0.000000 -0.033645
0.000000 -0.033289
0.000000 -0.032937
0.000000 -0.032591
0.000000 -0.032249
0.000000 -0.031912
0.000000 -0.031579
0.000000 -0.031252
0.000000 -0.030929
0.000000 -0.030541
0.000000 -0.030158
0.000000 -0.029779
0.000000 -0.029403
0.000000 -0.029030
0.000000 -0.028659
0.000000 -0.028291
0.000000 -0.027924
0.000000 -0.027559
0.000000 -0.027196
0.000000 -0.026834
0.000000 -0.026473
0.000000 -0.026114
0.000000 -0.025756
0.000000 -0.025399
0.000000 -0.025043
0.000000 -0.024688
0.000000 -0.024333
0.000000 -0.023980
0.000000 -0.023627
0.000000 -0.023273
0.000000 -0.022919
0.000000 -0.022566
0.000000 -0.022212
0.000000 -0.021859
0.000000 -0.021505
0.000000 -0.021150
0.000000 -0.020796
0.000000 -0.020440
0.000000 -0.020084
0.000000 -0.019727
0.000000 -0.019368
0.000000 -0.019009
0.000000 -0.018648
0.000000 -0.018286
0.000000 -0.017922
0.000000 -0.017556
0.000000 -0.017188
0.000000 -0.016818
0.000000 -0.016446
0.000000 -0.016146
0.000000 -0.015845
0.000000 -0.015542
0.000000 -0.015238
0.000000 -0.014934
0.000000 -0.014630
0.000000 -0.014326
0.000000 -0.014022
0.000000 -0.013718
0.000000 -0.013415
0.000000 -0.013112
0.000000 -0.012810
0.000000 -0.012507
0.000000 -0.012206
0.000000 -0.011904
0.000000 -0.011603
0.000000 -0.011303
0.000000 -0.011003
0.000000 -0.010703
0.000000 -0.010403
0.000000 -0.010172
0.000000 -0.009941
0.000000 -0.009712
0.000000 -0.009484
0.000000 -0.009259
0.000000 -0.009035
0.000000 -0.008815
0.000000 -0.008597
0.000000 -0.008382
0.000000 -0.008171
0.000000 -0.007962
0.000000 -0.007757
0.000000 -0.007555
0.000000 -0.007357
0.000000 -0.007163
0.000000 -0.006972
0.000000 -0.006784
0.000000 -0.006600
0.000000 -0.006421
0.000000 -0.006244
0.000000 -0.006010
0.000000 -0.005779
0.000000 -0.005553
0.000000 -0.005329
0.000000 -0.005108
0.000000 -0.004889
0.000000 -0.004673
0.000000 -0.004459
0.000000 -0.004247
0.000000 -0.004037
0.000000 -0.003829
0.000000 -0.003623
0.000000 -0.003418
0.000000 -0.003216
0.000000 -0.003016
0.000000 -0.002817
0.000000 -0.002620
0.000000 -0.002425
0.000000 -0.002232
0.000000 -0.002041
0.000000 -0.001852
0.000000 -0.001665
0.000000 -0.001480
0.000000 -0.001296
0.000000 -0.001115
0.000000 -0.000935
0.000000 -0.000758
0.000000 -0.000582
0.000000 -0.000409
0.000000 -0.000237
0.000000 -0.000067
0.000000 0.000101
0.000000 0.000267
0.000000 0.000431
0.000000 0.000593
0.000000 0.000754
0.000000 0.000912
0.000000 0.001069
0.000000 0.001223
0.000000 0.001376
0.000000 0.001527
0.000000 0.001676
0.000000 0.001823
0.000000 0.001968
0.000000 0.002112
0.000000 0.002254
0.000000 0.002394
0.000000 0.002532
0.000000 0.002668
0.000000 0.002802
0.000000 0.002935
0.000000 0.003066
0.000000 0.003195
0.000000 0.003323
0.000000 0.003449
0.000000 0.003573
0.000000 0.003695
0.000000 0.003816
0.000000 0.003934
0.000000 0.004052
0.000000 0.004167
0.000000 0.004281
0.000000 0.004393
0.000000 0.004504
0.000000 0.004613
0.000000 0.004720
0.000000 0.004826
0.000000 0.004930
0.000000 0.005032
0.000000 0.005133
0.000000 0.005233
0.000000 0.005330
0.000000 0.005427
0.000000 0.005521
0.000000 0.005615
0.000000 0.005706
0.000000 0.005796
0.000000 0.005885
0.000000 0.005972
0.000000 0.006058
0.000000 0.006142
0.000000 0.006224
0.000000 0.006306
0.000000 0.006385
0.000000 0.006464
0.000000 0.006541
0.000000 0.006616
0.000000 0.006690
0.000000 0.006763
0.000000 0.006834
0.000000 0.006904
0.000000 0.006973
0.000000 0.007040
0.000000 0.007106
0.000000 0.007171
0.000000 0.007234
0.000000 0.007296
0.000000 0.007356
0.000000 0.007416
0.000000 0.007474
0.000000 0.007530
0.000000 0.007586
0.000000 0.007640
0.000000 0.007693
0.000000 0.007745
0.000000 0.007795
0.000000 0.007845
0.000000 0.007893
0.000000 0.007939
0.000000 0.007985
0.000000 0.008030
0.000000 0.008073
0.000000 0.008115
0.000000 0.008156
0.000000 0.008196
0.000000 0.008234
0.000000 0.008272
0.000000 0.008308
0.000000 0.008344
0.000000 0.008378
0.000000 0.008411
0.000000 0.008443
0.000000 0.008474
0.000000 0.008504
0.000000 0.008533
0.000000 0.008561
0.000000 0.008587
0.000000 0.008613
0.000000 0.008638
0.000000 0.008661
0.000000 0.008684
0.000000 0.008706
0.000000 0.008726
0.000000 0.008746
0.000000 0.008765
0.000000 0.008783
0.000000 0.008800
0.000000 0.008815
0.000000 0.008830
0.000000 0.008844
0.000000 0.008857
0.000000 0.008870
0.000000 0.008881
0.000000 0.008891
0.000000 0.008901
0.000000 0.008909
0.000000 0.008917
0.000000 0.008924
0.000000 0.008930
0.000000 0.008935
0.000000 0.008939
0.000000 0.008943
0.000000 0.008945
0.000000 0.008947
0.000000 0.008948
0.000000 0.008949
0.000000 0.008948
0.000000 0.008947
0.000000 0.008945
0.000000 0.008942
0.000000 0.008938
0.000000 0.008934
0.000000 0.008928
0.000000 0.008923
0.000000 0.008916
0.000000 0.008909
0.000000 0.008900
0.000000 0.008892
0.000000 0.008882
0.000000 0.008872
0.000000 0.008861
0.000000 0.008850
0.000000 0.008837
0.000000 0.008824
0.000000 0.008811
0.000000 0.008797
0.000000 0.008782
0.000000 0.008766
0.000000 0.008750
0.000000 0.008733
0.000000 0.008716
0.000000 0.008698
0.000000 0.008679
0.000000 0.008660
0.000000 0.008640
0.000000 0.008620
0.000000 0.008599
0.000000 0.008578
0.000000 0.008555
0.000000 0.008533
0.000000 0.008510
0.000000 0.008486
0.000000 0.008462
0.000000 0.008437
0.000000 0.008411
0.000000 0.008385
0.000000 0.008359
0.000000 0.008332
0.000000 0.008305
0.000000 0.008277
0.000000 0.008248
0.000000 0.008220
0.000000 0.008190
0.000000 0.008160
0.000000 0.008130
0.000000 0.008099
0.000000 0.008068
0.000000 0.008037
0.000000 0.008004
0.000000 0.007972
0.000000 0.007939
0.000000 0.007906
0.000000 0.007872
0.000000 0.007837
0.000000 0.007803
0.000000 0.007768
0.000000 0.007732
0.000000 0.007697
0.000000 0.007660
0.000000 0.007624
0.000000 0.007587
0.000000 0.007549
0.000000 0.007512
0.000000 0.007474
0.000000 0.007435
0.000000 0.007396
0.000000 0.007357
0.000000 0.007318
0.000000 0.007278
0.000000 0.007238
0.000000 0.007197
0.000000 0.007157
0.000000 0.007116
0.000000 0.007074
0.000000 0.007032
0.000000 0.006990
0.000000 0.006948
0.000000 0.006906
0.000000 0.006863
0.000000 0.006820
0.000000 0.006776
0.000000 0.006732
0.000000 0.006688
0.000000 0.006644
0.000000 0.006600
0.000000 0.006555
0.000000 0.006510
0.000000 0.006465
0.000000 0.006419
0.000000 0.006373
0.000000 0.006328
0.000000 0.006281
0.000000 0.006235
0.000000 0.006188
0.000000 0.006141
0.000000 0.006094
0.000000 0.006047
0.000000 0.006000
0.000000 0.005952
0.000000 0.005904
0.000000 0.005856
0.000000 0.005808
0.000000 0.005759
0.000000 0.005711
0.000000 0.005662
0.000000 0.005613
0.000000 0.005564
0.000000 0.005515
0.000000 0.005465
0.000000 0.005416
0.000000 0.005366
0.000000 0.005316
0.000000 0.005266
0.000000 0.005216
0.000000 0.005165
0.000000 0.005115
0.000000 0.005064
0.000000 0.005014
0.000000 0.004963
0.000000 0.004912
0.000000 0.004861
0.000000 0.004810
0.000000 0.004758
0.000000 0.004707
0.000000 0.004655
0.000000 0.004604
0.000000 0.004552
0.000000 0.004500
0.000000 0.004448
0.000000 0.004396
0.000000 0.004344
0.000000 0.004292
0.000000 0.004240
0.000000 0.004187
0.000000 0.004135
0.000000 0.004082
0.000000 0.004030
0.000000 0.003977
0.000000 0.003925
0.000000 0.003872
0.000000 0.003819
0.000000 0.003766
0.000000 0.003713
0.000000 0.003660
0.000000 0.003607
0.000000 0.003554
0.000000 0.003501
0.000000 0.003448
0.000000 0.003395
0.000000 0.003342
0.000000 0.003289
0.000000 0.003235
0.000000 0.003182
0.000000 0.003129
0.000000 0.003075
0.000000 0.003022
0.000000 0.002969
0.000000 0.002915
0.000000 0.002862
0.000000 0.002809
0.000000 0.002821
0.000000 0.002833
0.000000 0.002847
0.000000 0.002862
0.000000 0.002878
0.000000 0.002897
0.000000 0.002919
0.000000 0.002944
0.000000 0.002972
0.000000 0.003003
0.000000 0.003037
0.000000 0.003075
0.000000 0.003118
0.000000 0.003164
0.000000 0.003214
0.000000 0.003268
0.000000 0.003326
0.000000 0.003389
0.000000 0.003457
0.000000 0.003529
0.000000 0.003531
0.000000 0.003537
0.000000 0.003546
0.000000 0.003558
0.000000 0.003573
0.000000 0.003590
0.000000 0.003610
0.000000 0.003631
0.000000 0.003655
0.000000 0.003680
0.000000 0.003707
0.000000 0.003736
0.000000 0.003767
0.000000 0.003800
0.000000 0.003834
0.000000 0.003870
0.000000 0.003907
0.000000 0.003947
0.000000 0.003988
0.000000 0.004031
0.000000 0.004006
0.000000 0.003983
0.000000 0.003961
0.000000 0.003939
0.000000 0.003917
0.000000 0.003895
0.000000 0.003872
0.000000 0.003848
0.000000 0.003823
0.000000 0.003797
0.000000 0.003769
0.000000 0.003741
0.000000 0.003710
0.000000 0.003678
0.000000 0.003645
0.000000 0.003610
0.000000 0.003573
0.000000 0.003534
0.000000 0.003493
0.000000 0.003450
0.000000 0.003469
0.000000 0.003485
0.000000 0.003500
0.000000 0.003513
0.000000 0.003526
0.000000 0.003537
0.000000 0.003549
0.000000 0.003560
0.000000 0.003570
0.000000 0.003581
0.000000 0.003592
0.000000 0.003602
0.000000 0.003612
0.000000 0.003623
0.000000 0.003633
0.000000 0.003643
0.000000 0.003653
0.000000 0.003662
0.000000 0.003672
0.000000 0.003681
0.000000 0.003625
0.000000 0.003568
0.000000 0.003509
0.000000 0.003450
0.000000 0.003388
0.000000 0.003323
0.000000 0.003255
0.000000 0.003185
0.000000 0.003110
0.000000 0.003033
